10_14_26_27 -0.2 0.422385 0 0
10_14_26_28 0 0 0 0
10_15_26_27 -0.2 -0.2 -0.0501966 2.68132
10_15_26_28 -0.2 -0.2 -0.465274 0.772553
11_14_26_27 -0.2 0.436488 0 0
11_14_26_28 0 0 0 0
11_15_26_27 -0.2 -0.2 -0.0953735 2.79833
11_15_26_28 -0.2 -0.2 -0.2 0.4901
12_14_26_27 -0.2 0.28891 0 0
12_15_26_27 -0.3629 -0.2 -0.0501966 2.70083
12_15_26_28 0 -0.18209 0 0.54109
13_14_26_26 0 0 0 0
13_14_26_27 -0.2 0.540093 0 0.12836
13_14_26_28 0 0 0 0
13_15_26_26 -0.2 -0.2 0 0
13_15_26_27 -0.2 -0.285804 -0.0866102 2.79068
13_15_26_28 -0.2 -0.344536 -0.2 0.585199
13_25_26_27 -0.2 -0.2 -0.2 0.19
14_14_26_27 -0.2 0.19 0 0
14_15_26_27 -0.236191 3.15175 -0.255443 0.53879
14_15_26_28 -0.2 0 0 0
14_16_26_27 -0.153098 2.14218 0 0
14_16_26_28 -0.2 1.43731 -0.0862893 0
14_17_26_27 -0.0740525 1.31301 -0.2 0.183747
14_17_26_28 -0.143599 2.45281 -0.0740525 0.385999
14_18_26_27 -0.197606 2.58044 -0.0897689 0.100282
14_18_26_28 -0.2 1.08759 0 0
14_19_26_27 -0.0740525 2.41901 0 0
14_19_26_28 -0.151302 0.864828 -0.122166 0.240789
14_20_26_26 -0.2 0.19 0 0
14_20_26_27 -0.0569561 2.13874 -0.0586489 -0.0818712
14_20_26_28 -0.38 1.04662 -0.105804 0
14_20_27_28 -0.2 0.39404 0 0
14_21_26_26 -0.318859 1.04662 -0.278108 0
14_21_26_27 -0.236177 1.49326 -0.294066 0
14_21_26_28 -0.2 0.492082 0 0
14_21_27_27 -0.38 1.04662 0 0
14_21_27_28 -0.2 0.199 0 0
14_22_26_27 -0.113549 2.07301 -0.0142529 0
14_22_26_28 -0.2 1.5899 0 0
14_23_26_27 -0.0510624 1.31254 -0.0818712 0
14_23_26_28 -0.168393 1.6534 0 0
14_23_27_27 -0.2 0.664011 0 0.156401
14_23_27_28 0 0.1 -0.191 0
14_24_26_27 -0.374795 1.60789 0 0
14_24_26_28 -0.275002 1.68357 -0.2 0
14_24_27_27 -0.280541 0.54109 0 0
14_24_27_28 -0.2 0.454636 0 0
14_25_26_27 -0.138859 -0.2 -0.344536 1.35947
14_25_26_28 0 0 0 0.54109
14_25_27_27 -0.155891 -0.2 -0.2 0.39404
14_25_27_28 -0.173269 -0.2 -0.2 0.509172
15_25_26_27 -0.302166 -0.2 -0.0740525 1.03776
15_25_26_28 -0.2 -0.2 -0.38 0.956179
15_25_27_28 -0.230197 -0.2 -0.159083 1.59803
16_25_26_27 -0.506536 -0.2 -0.277692 1.31254
16_25_26_28 -0.2 -0.2 -0.2 0.766244
16_25_27_28 -0.302166 -0.269769 -0.167342 1.66495
17_25_26_27 -0.2 -0.2 -0.0818712 0
17_25_26_28 -0.38 -0.371 -0.133376 0.199
17_25_27_27 -0.2 -0.2 -0.2 0
17_25_27_28 -0.201705 -0.2 -0.0148104 2.94379
17_25_28_28 0 0 0 0.1
18_25_27_28 -0.2 -0.2 -0.0569561 2.29957
18_25_28_28 -0.2 -0.38 -0.2 0.430578
19_25_28_28 -0.2 -0.2 -0.272413 1.31254
19_25_28_29 -0.2 -0.36209 -0.2 0.740271
20_25_28_29 -0.2 -0.2 -0.135973 1.31254
20_25_28_30 -0.353269 -0.2 -0.2 0.664011
21_25_28_30 -0.2 -0.2 -0.143599 1.04662
21_25_28_31 -0.302166 -0.2 -0.335891 0.964505
22_25_27_31 -0.36209 -0.2 -0.2 0.956179
22_25_27_32 -0.2 -0.2 -0.2 0.4901
22_25_28_31 -0.2 -0.2 -0.113549 0.626679
22_25_28_32 -0.2 -0.2 -0.2 0.19
23_25_27_31 -0.2 -0.2 -0.2 0.772553
23_25_27_32 -0.2 -0.38 -0.2 0.772553
23_25_28_31 -0.2 -0.2 -0.147332 0.626679
23_25_28_32 -0.2 -0.371 -0.2 0.1
24_25_27_31 -0.371 -0.2 -0.2 0.1
24_25_27_32 -0.2 -0.2 -0.2 0.29701
24_25_28_31 -0.2 -0.285804 -0.147332 1.13615
24_25_28_32 -0.2 -0.2 -0.2 0.626679
25_25_28_31 -0.164536 0 0 0.772553
25_25_28_32 -0.277746 -0.2 -0.2 1.12254
26_24_28_31 -0.2 0.199 0 0
26_24_28_32 -0.2 0.1 0 0
26_25_28_31 -0.2 1.04196 0 0
26_25_28_32 0 0 0 0.956179
26_25_29_31 -0.2 0.585199 0 0
26_25_29_32 -0.2 0.454636 0 0
26_26_28_31 -0.155891 0.4901 0 0
26_26_28_32 -0.2 0.585199 -0.173269 0
26_26_29_31 -0.147332 0.960561 0 0
26_26_29_32 -0.2 0.19 0 0
26_27_29_31 -0.113944 0.960561 0 0.186451
26_27_29_32 -0.2 0.1 0 0
26_27_30_31 -0.2 0.878345 0 0.161141
26_27_30_32 -0.2 0.430578 0 0.126731
26_28_29_31 -0.113944 -0.2 -0.2 0.679347
26_28_29_32 -0.191 -0.2 -0.2 0.39404
26_28_30_31 -0.120949 -0.2 -0.38 0.19
26_28_30_32 -0.166942 -0.2 -0.2 0.1
27_28_29_31 -0.2 -0.2 -0.2 0.4901
27_28_29_32 -0.36209 -0.2 -0.2 0.29701
27_28_30_31 -0.2 -0.2 -0.2 0.585199
27_28_30_32 -0.335891 -0.2 0 0.711412
28_28_30_31 -0.2 0.964505 0 0
28_28_30_32 -0.2 0.956179 0 0
28_29_30_31 -0.113549 0.864828 0 0
28_29_30_32 -0.2 0 -0.138859 1.31254
28_29_31_31 -0.2 0.89051 0 0
28_29_31_32 -0.371 0.4901 0 0
28_30_30_31 -0.2 0.199 0 0
28_30_30_32 -0.2 0.39404 0 0
28_30_31_31 -0.120949 0.711412 0 0
28_30_31_32 -0.2 0.878345 -0.155891 0
28_30_32_31 -0.2 0.376929 0 0
28_31_31_31 0.0421138 -0.181486 -0.245846 0.970009
28_31_31_32 -0.2 1.03059 0 0
28_31_32_31 -0.0699259 0.864828 0 0.1
28_32_31_31 0.794328 0 0 0
28_32_31_32 -0.106224 0 0 0
29_31_31_31 -0.0690486 -0.0174677 -0.232209 0.231957
29_31_31_32 -0.2 0.39404 0 0
29_31_32_31 -0.391954 -0.00299 -0.2 1.73831
29_31_32_32 -0.2 0.585199 0 0
30_31_31_31 0.152355 -0.105804 0 0
30_31_32_31 -0.246312 -0.035891 -0.15314 1.73884
30_31_32_32 -0.38 0 0 0
31_31_32_31 0 0 0 0
8_14_26_26 -0.2 0.199 -0.128349 1.06948
8_14_26_27 0 0.773918 0 0.148888
8_15_26_27 -0.174881 -0.38 -0.2 2.00809
9_14_26_27 -0.2 0.616124 0 0
9_15_26_27 -0.490885 -0.133806 -0.0989717 2.99653
