49_28_10_2 -0.300831 -0.488412 0.391877 -0.580153
49_28_11_2 -0.300595 -0.368121 -0.385913 -0.366996
49_28_12_2 -0.378608 -0.288959 -0.208454 -0.271356
49_28_13_2 -0.439046 -0.28802 -0.287218 -0.199
49_28_13_3 -0.19633 -0.199 -0.171121 -0.269017
49_28_13_4 -0.30022 -0.22815 -0.26137 -0.387843
49_28_13_5 -0.195178 -0.320255 0.288451 -0.362869
49_28_14_4 -0.114907 -0.181089 -0.00188218 -0.236506
49_28_14_5 -0.374753 -0.558215 -0.311411 -0.578671
49_28_15_5 -0.332545 -0.499345 -0.416736 -0.355776
49_28_16_5 -0.0558297 -0.441076 -0.280727 -0.63248
49_28_17_5 -0.452915 -0.505497 -0.483442 -0.442606
49_28_18_5 0.301176 -0.504557 -0.138383 -0.375692
49_28_19_5 0.154067 -0.818896 -0.161118 -0.571818
49_28_2_2 2.05118 1.62535 2.70074 1.84447
49_28_3_2 -0.268189 -0.466626 -0.0824624 -0.467253
49_28_4_2 0.193389 -0.411603 -0.0565854 -0.279615
49_28_5_2 0.211527 -0.465153 -0.498325 -0.251963
49_28_6_2 0.431674 -0.427217 -0.115026 -0.212615
49_28_7_2 -0.437025 -0.236971 -0.303538 -0.429739
49_28_8_2 -0.378983 -0.295871 -0.182033 -0.287055
49_28_9_2 -0.473837 -0.486878 -0.556691 -0.68657
49_29_2_2 6.3966 4.02093 5.54953 4.45612
49_29_2_3 2.07172 0.146479 0.55154 -0.0545824
49_29_3_2 0.454636 0 0 0
49_30_2_2 6.93952 5.12658 6.61379 4.64965
49_30_2_3 3.88332 0.691543 2.38198 2.68802
50_25_2_2 3.41923 2.46343 3.80808 2.23808
50_26_2_2 6.28327 3.04619 5.029 3.29148
50_27_2_2 6.78011 1.87374 5.72085 3.50027
50_28_2_2 7.5077 5.18951 6.03375 5.13979
50_29_2_2 8.06284 6.03095 7.78719 6.20878
50_29_2_3 5.05161 2.25119 1.82688 0.860597
50_30_2_2 2.68717 1.63048 5.60997 0.298643
50_30_2_3 6.24136 4.19766 4.84805 4.20604
51_26_2_2 0.39347 0 1.41255 -0.0548083
51_27_2_2 0.367309 0 0 -0.139211
