2_25_10_2 -0.467216 -0.4901 -0.45188 -0.483559
2_25_11_2 -0.393965 -0.473496 -0.297003 -0.459861
2_25_12_2 -0.302953 -0.385307 -0.376398 -0.0939354
2_25_13_2 -0.104832 -0.199 -0.27901 -0.10297
2_25_13_3 -0.00572475 -0.173169 -0.288098 -0.198001
2_25_13_4 -0.369301 -0.39404 -0.29701 -0.38916
2_25_13_5 -0.259312 -0.29701 -0.278306 -0.297085
2_25_14_4 -0.385566 -0.375598 -0.29701 -0.297028
2_25_14_5 -0.470768 -0.512765 -0.29701 -0.539763
2_25_15_5 -0.448092 -0.568692 -0.585199 -0.725193
2_25_16_5 -0.446002 -0.481367 -0.564986 -0.47929
2_25_17_5 -0.0878069 -0.597142 -0.473507 -0.350027
2_25_18_5 -0.277908 -0.472105 -0.39306 -0.472261
2_25_19_5 -0.896012 -0.912584 -0.950577 -0.822291
2_25_2_2 1.47916 1.41315 1.16138 0.247994
2_25_3_2 1.57602 -0.114707 0.0383979 -1.99e-05
2_25_4_2 -0.293129 -0.271259 -0.29701 -0.201824
2_25_5_2 0.200767 -0.453769 -0.199 -0.347805
2_25_6_2 -0.552257 -0.464519 -0.472634 -0.479074
2_25_7_2 -0.30072 -0.385217 -0.385307 -0.289209
2_25_8_2 -0.200884 -0.457711 -0.270184 -0.382734
2_25_9_2 -0.38701 -0.472633 -0.668629 -0.35649
2_26_2_2 2.66016 1.93568 2.64157 1.97881
2_26_3_2 0.49835 -0.1 0 0
2_27_2_2 7.61024 5.19935 7.35018 5.34383
2_27_2_3 0 0 0 0
2_28_2_2 9.23793 7.16328 9.04229 7.00493
2_28_2_3 1.51351 0 0 -0.291108
2_29_2_2 9.5853 7.57482 9.36145 7.59471
2_29_2_3 9.28869 4.06336 6.24137 4.83674
2_29_3_2 0.29701 0 0 0
2_30_2_2 6.1807 0 0 0
2_30_2_3 9.3388 5.38671 7.73225 5.08756
