26_26_13_14_38_14_9_18_41_18_13_32 0 0.015 0 0
26_26_13_15_38_14_9_19_41_18_13_32 0 0 0 0
26_26_13_15_38_15_9_19_41_18_13_32 0 0.015 0 0
26_26_14_20_38_17_12_18_38_19_13_32 -0.11 0 0 0
26_26_14_20_38_17_12_19_38_19_13_32 -0.11 0 0 0
26_26_14_20_38_18_12_18_38_19_13_32 0 0 0 0.015
26_26_14_20_38_18_12_18_38_19_40_32 0 0 0 0
26_26_14_21_38_17_12_18_38_19_40_32 -0.11 0 0 0
26_26_14_21_38_17_12_19_38_19_13_32 0 0 0 0
26_26_14_21_38_18_12_19_38_19_40_32 -0.11 0.059106 0 0
26_26_14_21_38_18_13_18_38_19_40_32 -0.11 0.015 0 0.0458746
26_26_14_21_38_18_13_19_38_19_40_32 -0.11 0.04065 0 0
26_26_8_14_44_14_8_18_44_18_40_32 -0.11 0.135995 0 0
26_26_8_14_44_15_8_18_44_18_40_32 -0.11 0.043215 0 0
26_27_10_14_42_14_9_18_43_19_40_32 -0.11 0.015 0 0
26_27_10_14_42_14_9_19_43_18_40_32 0 0 0 0
26_27_10_14_42_14_9_19_43_19_40_32 -0.11 0 0 0
26_27_10_15_41_14_8_19_43_19_40_32 -0.11 0 0 0
26_27_10_15_41_14_9_19_43_18_40_32 -0.11 0 0 0
26_27_10_15_41_14_9_19_43_19_40_32 -0.11 0 0 0
26_27_10_15_41_15_10_19_42_18_40_32 -0.11 0 0 0
26_27_10_15_41_15_10_19_42_19_40_32 -0.11 0.015 0 0
26_27_10_15_41_15_10_19_43_18_40_32 -0.11 0.041865 0 0
26_27_10_15_41_15_8_19_43_18_40_32 -0.11 0.02985 0 0
26_27_10_15_41_15_9_19_43_18_40_32 -0.11 0.051585 0 0
26_27_10_15_41_15_9_19_43_19_40_32 -0.11 0 0 0
26_27_10_15_42_14_8_19_43_18_40_32 -0.11 0 0 0
26_27_10_15_42_14_9_19_43_18_40_32 -0.11 0.04065 0 0
26_27_10_15_42_15_8_19_43_19_40_32 -0.11 0.0735149 0 0
26_27_10_15_42_15_9_18_43_18_40_32 -0.11 0 0 0
26_27_10_15_42_15_9_19_43_18_40_32 -0.11 0.0285 0 0
26_27_10_15_42_15_9_19_43_19_40_32 -0.11 0.059106 0 0
26_27_10_15_42_15_9_19_44_19_40_32 -0.11 0 0 0
26_27_11_14_41_15_10_19_42_19_40_32 0 0 0 0
26_27_11_14_41_15_8_19_43_19_40_32 -0.11 0 0 0
26_27_11_14_41_15_9_19_43_18_40_32 -0.11 0 0 0
26_27_11_14_41_15_9_19_43_19_40_32 -0.11 0 0 0
26_27_11_15_40_14_10_19_42_18_40_32 0 0 0 0
26_27_11_15_40_14_10_19_42_19_40_32 -0.11 0 0 0
26_27_11_15_40_14_9_18_42_19_40_32 -0.11 0 0 0
26_27_11_15_40_14_9_19_42_19_40_32 0 0 0.2786 0
26_27_11_15_40_15_10_19_42_19_40_32 -0.11 0.0538935 0 0
26_27_11_15_40_15_11_18_42_19_40_32 -0.11 0 0 0
26_27_11_15_40_15_11_19_42_18_40_32 -0.11 0 0 0
26_27_11_15_40_15_11_19_42_19_40_32 -0.11 0.0647192 0 0
26_27_11_15_40_15_9_18_42_18_40_32 -0.11 0 0 0
26_27_11_15_40_15_9_18_42_19_40_32 -0.11 0 0 0
26_27_11_15_40_15_9_19_42_18_40_32 -0.11 0 0 0
26_27_11_15_40_15_9_19_42_19_13_32 0 0 0 0
26_27_11_15_40_15_9_19_42_19_40_32 -0.11 0.059106 0.270788 0
26_27_11_15_41_15_10_19_42_19_40_32 -0.11 0.0285 0 0
26_27_11_15_41_15_8_19_43_18_40_32 -0.11 0.02985 0 0
26_27_11_15_41_15_9_18_42_19_40_32 -0.11 0 0 0
26_27_11_15_41_15_9_19_42_18_40_32 0 0.0445515 0 0
26_27_11_15_41_15_9_19_42_19_40_32 -0.11 0.059106 0 0
26_27_11_15_41_15_9_19_43_18_40_32 -0.11 0 0 0
26_27_12_14_40_15_9_19_42_18_40_32 -0.11 0 0 0
26_27_12_14_40_15_9_19_42_19_13_32 -0.11 0 0 0
26_27_12_14_40_15_9_19_42_19_40_32 -0.11 0.015 0 0
26_27_12_15_39_14_11_19_42_19_40_32 0 0 0 0
26_27_12_15_39_14_9_18_42_19_13_32 -0.11 0 0 0
26_27_12_15_39_14_9_19_42_19_13_32 -0.11 0.015 0 0
26_27_12_15_39_15_10_18_41_19_13_32 -0.11 0 0 0
26_27_12_15_39_15_10_18_42_19_13_32 -0.11 0.02985 0 0
26_27_12_15_39_15_10_19_41_19_13_32 -0.11 0.015 0 0
26_27_12_15_39_15_10_19_42_19_13_32 -0.11 0.02985 0 0
26_27_12_15_39_15_11_18_41_18_40_32 0 0 -0.11 0
26_27_12_15_39_15_11_19_41_18_40_32 -0.11 0.0285 0 0
26_27_12_15_39_15_11_19_41_19_40_32 -0.11 0.0285 0 0
26_27_12_15_39_15_11_19_42_18_40_32 0 0 0 0
26_27_12_15_39_15_11_19_42_19_40_32 -0.11 0.0285 0 0
26_27_12_15_39_15_12_19_41_18_40_32 0 0.015 0 0
26_27_12_15_39_15_9_19_42_19_13_32 -0.11 0.015 0.417137 0
26_27_12_15_40_15_11_19_42_18_40_32 -0.11 0.041865 0 0
26_27_12_15_40_15_9_18_42_19_13_32 -0.11 0 0 0
26_27_12_15_40_15_9_19_42_18_13_32 -0.11 0 0 0
26_27_12_15_40_15_9_19_42_18_40_32 -0.11 0.02985 0 0
26_27_12_15_40_15_9_19_42_19_13_32 -0.11 0.02985 0 0
26_27_13_14_38_14_9_18_41_18_13_32 0 0 0 0
26_27_13_14_39_15_10_19_42_19_13_32 -0.11 0 0.14 0
26_27_13_14_39_15_12_18_41_18_40_32 -0.11 0 0 0
26_27_13_14_39_15_12_19_41_18_40_32 0 0 0 0
26_27_13_14_39_15_9_19_42_19_13_32 -0.11 0 0 0
26_27_13_15_38_14_9_19_41_18_13_32 -0.11 0 -0.081686 0
26_27_13_15_38_15_10_19_41_18_13_32 -0.206314 0.0445515 0 -0.22015
26_27_13_15_38_15_12_19_41_18_13_32 -0.11 0.0285 0 0
26_27_13_15_38_15_12_19_41_18_40_32 -0.11 0 0 0.02985
26_27_13_15_38_15_12_19_41_19_40_32 -0.11 0.0526785 0 0
26_27_13_15_38_15_9_18_41_18_13_32 -0.11 0 0 0
26_27_13_15_38_15_9_19_41_18_13_32 -0.20765 0.0877798 0 0
26_27_13_15_39_15_10_19_41_18_13_32 -0.11 0 0 0
26_27_13_15_39_15_10_19_41_19_13_32 -0.11 0 0 0
26_27_13_15_39_15_12_18_41_18_40_32 -0.11 0 0 0
26_27_13_15_39_15_12_19_41_18_40_32 -0.11 0.0445515 0 0
26_27_13_15_39_15_9_19_41_18_13_32 -0.11 0 0 0
26_27_13_15_39_15_9_19_41_19_13_32 -0.11 0.015 0 0
26_27_13_15_39_15_9_19_42_19_13_32 -0.11 0 0 -0.235
26_27_13_25_38_23_14_24_38_21_40_32 -0.11 0.02985 0 0
26_27_13_25_38_24_14_24_38_21_40_32 -0.11 0 0 0
26_27_13_25_38_24_14_24_38_22_40_32 -0.11 0 0 0
26_27_14_14_38_15_10_19_41_18_13_32 -0.11 0 0 0
26_27_14_14_38_15_9_19_41_18_13_32 -0.11 0.015 0 0
26_27_14_15_38_15_10_19_40_18_13_32 0 0 0 -0.235
26_27_14_15_38_15_10_19_40_19_13_32 -0.11 0.0877798 0 0
26_27_14_15_38_15_10_19_41_18_13_32 -0.11 0.015 0 0
26_27_14_15_38_15_12_19_41_18_40_32 -0.11 0 0 0
26_27_14_15_38_15_13_19_41_18_40_32 -0.11 0 0 0
26_27_14_15_38_15_9_19_40_18_13_32 -0.11 0 0 0
26_27_14_15_38_15_9_19_40_19_13_32 -0.11 0.015 0 -0.235
26_27_14_15_38_16_10_19_40_18_13_32 -0.11 0.015 0 0
26_27_14_15_38_16_10_19_40_19_13_32 -0.11 0.015 0 0
26_27_14_15_38_16_13_18_40_18_40_32 -0.11 0 0 0
26_27_14_15_38_16_13_18_40_19_40_32 -0.11 0.015 0 0
26_27_14_15_38_16_13_18_41_19_40_32 -0.11 0 0 0
26_27_14_15_38_16_13_19_40_18_40_32 -0.209 0 0 0
26_27_14_15_38_16_13_19_40_19_40_32 -0.11 0.0681954 0 0
26_27_14_15_38_16_13_19_41_18_40_32 -0.11 0 0 0
26_27_14_15_38_16_13_19_41_19_40_32 -0.11 0.0735149 0 0
26_27_14_15_38_16_9_19_40_18_13_32 -0.11 0.015 0 0
26_27_14_15_38_16_9_19_40_19_13_32 -0.206314 0.0735149 0 0
26_27_14_15_38_17_13_19_40_18_40_32 -0.11 0 0 0
26_27_14_15_38_17_13_19_40_19_40_32 -0.11 0.015 0 0
26_27_14_16_38_15_10_19_40_18_13_32 -0.11 0 0 0
26_27_14_16_38_15_9_18_40_18_13_32 0 0 0 0
26_27_14_16_38_15_9_19_40_18_13_32 -0.11 0.015 0 0
26_27_14_16_38_15_9_19_40_19_13_32 -0.11 0.015 0 0
26_27_14_16_38_16_10_18_40_18_13_32 0 0 0 0
26_27_14_16_38_16_10_19_40_18_13_32 -0.11 0.0645867 0 0
26_27_14_16_38_16_10_19_40_19_13_32 0 0 0 0
26_27_14_16_38_16_9_19_40_18_13_32 0 0.0526785 0 0
26_27_14_16_38_16_9_19_40_19_13_32 -0.11 0.0285 -0.107435 0
26_27_14_16_38_17_13_19_40_19_40_32 -0.11 0.0526785 0 0
26_27_14_16_38_17_14_19_40_19_40_32 -0.11 0.0285 0 0
26_27_14_16_38_18_14_19_40_19_40_32 -0.11 0.015 -0.10865 0
26_27_14_17_38_16_10_18_39_18_13_32 -0.11 0 0 0
26_27_14_17_38_16_10_18_39_19_13_32 -0.11 0.015 0 0
26_27_14_17_38_16_10_18_39_19_40_32 0 0 0 0.015
26_27_14_17_38_16_10_19_39_18_13_32 -0.11 0.015 0 0
26_27_14_17_38_16_10_19_39_19_13_32 -0.206314 0.0550964 0 0
26_27_14_17_38_16_10_19_39_19_40_32 -0.11 0.015 0 0
26_27_14_17_38_16_10_19_40_18_13_32 -0.11 0 0 0
26_27_14_17_38_16_10_19_40_19_13_32 -0.11 0.0735149 0 0
26_27_14_17_38_16_11_18_39_18_40_32 -0.209 0.02985 0 0
26_27_14_17_38_16_11_18_39_19_40_32 -0.11 0 0 0
26_27_14_17_38_16_11_19_39_19_40_32 -0.11 0 0 0
26_27_14_17_38_16_9_19_40_19_13_32 -0.11 0.04065 0 0
26_27_14_17_38_17_11_19_39_18_40_32 0 0 0 0
26_27_14_17_38_18_14_19_40_19_40_32 -0.11 0.04065 0 0
26_27_14_17_38_18_14_20_40_19_40_32 -0.11 0.0285 0 0
26_27_14_17_39_18_14_20_39_19_40_32 -0.11 0 0 0
26_27_14_17_39_18_14_20_40_19_40_32 -0.11 0 0 0
26_27_14_18_38_16_11_19_39_18_40_32 -0.11 0 0 0
26_27_14_18_38_16_11_19_39_19_40_32 -0.20499 0.059106 0 0.0190096
26_27_14_18_38_17_11_18_39_18_40_32 -0.11 0 0 0
26_27_14_18_38_17_11_18_39_19_40_32 0 0 0 0
26_27_14_18_38_17_11_19_39_18_40_32 -0.11 0.051585 0 0
26_27_14_18_38_17_11_19_39_19_40_32 -0.11 0.0763758 0 0
26_27_14_18_38_19_14_20_39_18_40_32 -0.11 0.0735149 0 0
26_27_14_18_38_19_14_20_39_19_40_32 -0.11 0.04065 0 0
26_27_14_18_38_19_14_21_39_18_40_32 -0.11 0.015 0 0
26_27_14_18_38_19_14_21_39_19_40_32 0 0 0 0
26_27_14_18_39_18_14_20_39_19_40_32 -0.11 0.015 0 0
26_27_14_18_39_19_14_20_39_19_40_32 -0.209 0.015 0 0
26_27_14_19_38_17_11_19_38_18_13_32 -0.11 0 0 0
26_27_14_19_38_17_11_19_39_18_40_32 0 0 0 0
26_27_14_19_38_17_11_19_39_19_13_32 -0.11 0 0 0
26_27_14_19_38_17_12_18_38_18_40_32 -0.11 0.015 0 0
26_27_14_19_38_17_12_18_38_19_40_32 -0.11 0.015 0 0
26_27_14_19_38_17_12_19_38_19_40_32 -0.11 0.059106 0 0
26_27_14_19_38_18_11_19_38_19_13_32 -0.11 0 0 0
26_27_14_19_38_18_11_19_39_19_13_32 0 0 0 0
26_27_14_19_38_18_12_18_38_19_40_32 -0.209 0.015 0 0
26_27_14_19_38_18_12_19_38_18_13_32 0 0 0 0.015
26_27_14_19_38_18_12_19_38_18_40_32 0 0 0 0
26_27_14_19_38_18_12_19_38_19_40_32 -0.11 0.02985 0 0
26_27_14_19_38_19_14_20_39_18_40_32 -0.11 0.015 0 0
26_27_14_19_38_19_14_21_39_18_40_32 0 0.015 0 0
26_27_14_19_38_20_14_20_39_18_40_32 -0.11 0 0 0
26_27_14_19_38_20_14_21_39_18_40_32 -0.11 0 -0.11 0
26_27_14_19_38_20_14_21_39_19_40_32 -0.11 0.0645867 0 0
26_27_14_20_38_17_12_18_38_19_13_32 -0.11 0 0 0
26_27_14_20_38_17_12_19_38_19_13_32 -0.11 0.02985 0 0
26_27_14_20_38_17_12_19_38_19_40_32 -0.11 0 0 0
26_27_14_20_38_17_12_19_39_18_13_32 -0.11 0 0 0
26_27_14_20_38_17_12_19_39_19_13_32 -0.11 0 0 0
26_27_14_20_38_17_13_18_38_18_13_32 -0.11 0 0 0
26_27_14_20_38_17_13_18_39_18_13_32 -0.11 0 0 0
26_27_14_20_38_17_13_19_38_18_13_32 -0.11 0.015 0 0
26_27_14_20_38_18_12_19_38_19_13_32 -0.11 0.051585 0 0
26_27_14_20_38_18_12_19_38_19_40_32 -0.11 0.015 -0.11 0
26_27_14_20_38_18_12_19_39_18_13_32 -0.11 0 0 0
26_27_14_20_38_18_12_19_39_19_13_32 -0.11 0 0 0
26_27_14_20_38_18_13_18_38_18_13_32 -0.11 0 0 0
26_27_14_20_38_18_13_19_38_18_13_32 -0.11 0 0 0
26_27_14_20_38_18_13_19_39_18_13_32 -0.11 0 0 0
26_27_14_20_38_21_14_21_38_19_40_32 -0.11 0.0285 0 0
26_27_14_20_38_21_14_21_39_18_40_32 -0.11 0 0 0
26_27_14_20_38_21_14_21_39_19_40_32 -0.11 0.0445515 0 0
26_27_14_20_38_21_14_22_38_19_40_32 0 0 0 0
26_27_14_21_38_17_12_18_38_19_13_32 -0.11 0 0 0
26_27_14_21_38_17_12_19_38_19_13_32 -0.11 0 0 0
26_27_14_21_38_18_12_18_38_19_13_32 -0.11 0 0 0
26_27_14_21_38_18_12_18_38_19_40_32 -0.11 0 0 0
26_27_14_21_38_18_12_19_38_18_13_32 -0.11 0 0 0
26_27_14_21_38_18_12_19_38_19_13_32 -0.11 0 0 0
26_27_14_21_38_18_12_19_38_19_40_32 -0.10468 0.0735149 0 0
26_27_14_21_38_18_12_19_38_20_40_32 -0.11 0 0 0
26_27_14_21_38_18_13_19_38_19_40_32 -0.11 0.015 0 0.01635
26_27_14_21_38_21_14_22_38_19_40_32 -0.11 0 0 0.015
26_27_14_21_38_22_14_22_38_19_40_32 -0.11 0.015 0 0
26_27_14_21_38_22_14_22_38_20_40_32 -0.11 0.0285 0 0
26_27_14_22_38_18_12_19_38_19_40_32 0 0.015 0 0
26_27_14_22_38_18_13_18_38_20_40_32 -0.11 0 0 0
26_27_14_22_38_18_13_19_38_19_40_32 0 0.059106 0 0
26_27_14_22_38_18_13_19_38_20_40_32 -0.11 0.101902 0 0
26_27_14_22_38_19_13_19_38_20_40_32 -0.11 0.0711696 0 0
26_27_14_22_38_22_14_22_38_20_40_32 -0.11 0.035546 0 0
26_27_14_22_38_22_14_23_38_20_40_32 0 0 0 0
26_27_14_22_38_23_14_22_38_20_40_32 -0.11 0 0 0
26_27_14_22_38_23_14_23_38_20_40_32 -0.11 0 0 0
26_27_14_23_38_19_13_19_38_20_40_32 0 0 0 0
26_27_14_23_38_19_14_18_38_20_40_32 -0.11 0.051585 0 0
26_27_14_23_38_19_14_19_38_20_40_32 0 0 0 0
26_27_14_23_38_23_14_22_38_20_40_32 -0.11 0 0 0
26_27_14_23_38_23_14_23_38_20_40_32 -0.11 0.0763758 0 0
26_27_14_23_38_23_14_23_38_21_13_32 -0.11 0.0285 0 0
26_27_14_23_38_23_14_23_38_21_40_32 0 0 0 0
26_27_14_24_38_20_14_19_38_20_40_32 -0.11 0.015 -0.11 0
26_27_14_24_38_20_14_19_38_21_40_32 -0.11 0.051585 0 0
26_27_14_24_38_20_14_20_38_21_40_32 -0.11 0 0 0
26_27_14_24_38_21_14_20_38_21_40_32 -0.11 0.015 0 0
26_27_14_24_38_23_14_23_38_21_13_32 -0.11 0.04065 0 0
26_27_14_24_38_23_14_23_38_21_40_32 -0.11 0.0285 0 0
26_27_14_24_38_23_14_24_38_21_13_32 0 0 0 0
26_27_14_24_38_23_14_24_38_21_40_32 -0.11 0.015 0 0
26_27_14_24_38_24_14_24_38_21_40_32 -0.11 0.015 0 0
26_27_14_25_38_20_14_20_38_21_40_32 0 0 0 0
26_27_14_25_38_21_14_20_38_21_40_32 0 0 0 0.0285
26_27_14_25_38_23_14_24_38_21_40_32 -0.209 0.02985 0 0
26_27_14_25_38_23_14_24_38_22_40_32 -0.11 0 0 0
26_27_14_25_38_23_14_25_38_22_40_32 0 0 0 0
26_27_14_25_38_24_14_24_38_21_40_32 -0.11 0.0789408 0 0
26_27_14_25_38_24_14_24_38_22_40_32 -0.11 0.0552435 0 0
26_27_14_25_38_24_14_25_38_21_40_32 0 0 0 0
26_27_14_25_38_24_14_25_38_22_40_32 -0.11 0.015 0 0
26_27_15_25_38_23_14_24_38_22_13_32 -0.11 0 0 0
26_27_15_25_38_23_14_25_38_22_13_32 -0.11 0.0285 0 0
26_27_15_25_38_23_14_25_38_22_40_32 -0.11 0.015 0 0
26_27_15_25_38_24_14_24_38_22_13_32 -0.11 0.0550964 0 0
26_27_15_25_38_24_14_24_38_22_40_32 -0.11 0.015 0 0
26_27_15_25_38_24_14_25_38_22_13_32 -0.11 0.015 0 0
26_27_15_25_38_24_14_25_38_22_40_32 0 0 0 0
26_27_15_25_38_24_15_25_38_22_40_32 0 0 0 0
26_27_15_25_38_24_15_25_38_23_40_32 -0.11 0 0 0
26_27_16_25_38_23_14_25_38_22_40_32 -0.11 0 0 0
26_27_16_25_38_23_14_25_38_23_40_32 -0.11 0.0445515 0 0
26_27_16_25_38_24_14_24_38_22_40_32 -0.11 0 0 0
26_27_16_25_38_24_14_24_38_23_40_32 -0.11 0.0763758 0 0
26_27_16_25_38_24_14_25_38_22_40_32 -0.11 0 0 0
26_27_16_25_38_24_14_25_38_23_40_32 -0.11 0.0285 0 0
26_27_16_25_38_24_15_25_38_22_40_32 -0.11 0.015 0 0
26_27_16_25_38_24_15_25_38_23_40_32 -0.11 0.0311865 0 0
26_27_17_25_38_24_15_25_38_23_40_32 -0.11 0.015 0 0
26_27_8_14_44_14_8_18_44_18_40_32 -0.102695 0 0 0
26_27_8_14_44_15_8_18_44_18_40_32 -0.11 0.0735149 0 0
26_27_8_15_43_14_8_18_44_18_40_32 -0.11 0 0 0
26_27_8_15_43_15_8_18_44_18_40_32 -0.11 0 0 0
26_27_8_15_43_15_8_19_44_18_40_32 -0.290269 0.101902 0 0
26_27_8_15_44_14_8_18_44_18_40_32 -0.11 0 0 0
26_27_8_15_44_15_8_18_44_18_40_32 0 0.059106 0 0
26_27_8_15_44_15_8_19_44_18_40_32 -0.11 0.129724 0 -0.436071
26_27_9_14_43_14_8_19_44_18_40_32 -0.11 0 0 0
26_27_9_14_43_15_8_19_44_18_40_32 -0.11 0.015 0 0
26_27_9_14_43_15_8_19_44_19_40_32 -0.11 0.015 0 0
26_27_9_15_42_14_8_19_44_19_40_32 -0.11 0.015 0 0
26_27_9_15_42_14_9_19_43_19_40_32 -0.11 0 0 0
26_27_9_15_42_14_9_19_44_19_40_32 -0.11 0 0 0
26_27_9_15_42_15_8_19_43_18_13_32 -0.11 0.015 0 -0.235
26_27_9_15_42_15_8_19_43_18_40_32 -0.20765 0.015 0 0
26_27_9_15_42_15_8_19_43_19_13_32 -0.11 0 0 0
26_27_9_15_42_15_8_19_44_18_40_32 -0.11 0 0 0
26_27_9_15_42_15_8_19_44_19_13_32 0 0.015 0 0
26_27_9_15_42_15_9_18_43_18_40_32 -0.11 0 0 0
26_27_9_15_42_15_9_19_43_18_40_32 -0.11 0.0445515 0 -0.23365
26_27_9_15_42_15_9_19_44_19_40_32 -0.11 0 0 0
26_27_9_15_43_14_8_19_44_18_40_32 0 0 0.14 0
26_27_9_15_43_15_8_18_44_19_40_32 -0.11 0 0 0
26_27_9_15_43_15_8_19_44_18_13_32 -0.11 0 0 0
26_27_9_15_43_15_8_19_44_18_40_32 -0.11 0.0445515 0 0
26_27_9_15_43_15_8_19_44_19_13_32 -0.11 0.015 0 0
26_27_9_15_43_15_8_19_44_19_40_32 -0.11 0.143427 0.402241 0
26_27_9_15_43_15_9_18_44_19_40_32 -0.11 0 0 0
26_27_9_15_43_15_9_19_44_18_40_32 -0.11 0.015 0 0
26_27_9_15_43_15_9_19_44_19_40_32 -0.11 0.02985 0 0
26_28_10_14_42_14_9_19_43_18_40_32 -0.11 0 0 0
26_28_10_15_41_14_9_19_43_18_40_32 -0.11 0 0 0
26_28_10_15_41_15_10_19_42_18_40_32 -0.11 0 0 0
26_28_10_15_41_15_10_19_43_18_40_32 -0.11 -0.235 0 0
26_28_10_15_41_15_9_19_43_18_40_32 -0.106342 -0.235 -0.11 -0.22015
26_28_10_15_42_14_9_19_43_18_40_32 -0.107435 -0.235 0 0
26_28_10_15_42_15_9_19_43_18_40_32 -0.107435 0 0 0
26_28_11_14_41_15_10_19_42_19_40_32 -0.11 0 0 0
26_28_11_15_40_14_10_19_42_18_40_32 -0.11 0 0 0
26_28_11_15_40_14_10_19_42_19_40_32 0 0 -0.11 0
26_28_11_15_40_15_10_19_42_19_40_32 -0.10515 0 0 0
26_28_11_15_40_15_11_18_42_19_40_32 -0.11 -0.235 0 0
26_28_11_15_40_15_11_19_42_18_40_32 -0.11 0 0 0
26_28_11_15_40_15_11_19_42_19_40_32 -0.107435 0 0 0
26_28_11_15_41_15_10_19_42_19_40_32 0 0 0 0
26_28_12_15_39_14_11_19_42_19_40_32 -0.11 0 0 0
26_28_12_15_39_15_11_19_41_18_40_32 -0.11 -0.235 0 0
26_28_12_15_39_15_11_19_41_19_40_32 0 0 0 0
26_28_12_15_39_15_11_19_42_18_40_32 -0.11 0 0 0
26_28_12_15_39_15_11_19_42_19_40_32 0 0 0 0
26_28_12_15_39_15_12_19_41_18_40_32 -0.11 -0.235 0 0
26_28_12_15_40_15_11_19_42_18_40_32 0 0 0 0
26_28_13_14_39_15_12_19_41_18_40_32 -0.11 0 0 0
26_28_13_15_38_15_12_19_41_18_13_32 -0.11 -0.235 -0.11 0.0285
26_28_13_15_38_15_12_19_41_18_40_32 -0.11 0 0 0
26_28_13_15_38_15_12_19_41_19_13_32 0 0 0 0
26_28_13_15_38_15_12_19_41_19_40_32 -0.106232 -0.235 -0.11 0
26_28_13_15_39_15_12_19_41_18_40_32 0 -0.235 0 0
26_28_14_15_38_16_13_19_40_19_40_32 -0.103862 0 0 0
26_28_14_16_38_15_9_18_40_18_13_32 -0.11 0 0 0
26_28_14_16_38_16_10_18_40_18_13_32 -0.11 0 0 0
26_28_14_16_38_16_10_19_40_18_13_32 -0.104187 0 0 0
26_28_14_16_38_16_10_19_40_19_13_32 -0.11 0 0 0
26_28_14_16_38_16_9_19_40_18_13_32 -0.106232 0 0 0
26_28_14_16_38_16_9_19_40_19_13_32 -0.10865 -0.4465 0 0
26_28_14_16_38_17_13_19_40_19_40_32 -0.106232 -0.235 -0.11 0
26_28_14_16_38_17_14_19_40_19_40_32 -0.11 -0.235 -0.11 0.0445515
26_28_14_16_38_18_14_19_40_19_40_32 -0.11 0 0 0
26_28_14_17_38_16_10_19_39_18_13_32 -0.11 -0.235 -0.11 0.041865
26_28_14_17_38_16_10_19_39_18_40_32 0 0 0 0
26_28_14_17_38_16_10_19_39_19_13_32 -0.209 -0.235 -0.11 0
26_28_14_17_38_16_10_19_40_19_13_32 -0.11 -0.44515 -0.11 0.059106
26_28_14_17_38_16_9_19_40_19_13_32 -0.107435 -0.235 0 0
26_28_14_17_38_17_11_19_39_18_40_32 -0.11 0 0 0
26_28_14_17_38_18_14_19_40_19_40_32 -0.107435 -0.235 -0.11 0.02985
26_28_14_17_38_18_14_20_40_19_40_32 -0.11 -0.235 -0.11 0.02985
26_28_14_17_39_18_14_20_40_19_40_32 -0.11 0 0 0
26_28_14_18_38_17_11_18_39_18_40_32 -0.11 0 0 0
26_28_14_18_38_17_11_18_39_19_40_32 -0.11 0 0 0
26_28_14_18_38_17_11_19_39_18_40_32 -0.10865 -0.235 0 0
26_28_14_18_38_17_11_19_39_19_40_32 -0.103862 -0.235 -0.11 0
26_28_14_18_38_19_14_20_39_18_40_32 -0.10468 0 0 0
26_28_14_18_38_19_14_20_39_19_40_32 -0.107435 -0.235 -0.11 0
26_28_14_18_38_19_14_21_39_18_40_32 0 0 0 0
26_28_14_18_38_19_14_21_39_19_40_32 -0.11 0 0 0
26_28_14_19_38_17_11_19_39_18_40_32 -0.11 0 0 0
26_28_14_19_38_17_11_19_39_19_13_32 0 0 0 0
26_28_14_19_38_17_11_19_39_19_40_32 0 0 -0.209 0
26_28_14_19_38_18_11_19_39_19_13_32 -0.11 0 0 0
26_28_14_19_38_19_14_20_39_18_40_32 0 0 0 0
26_28_14_19_38_20_14_21_39_18_40_32 -0.11 -0.235 0 0
26_28_14_19_38_20_14_21_39_19_40_32 -0.198724 -0.235 -0.11 -0.176485
26_28_14_20_38_17_12_18_38_19_13_32 -0.11 0 0 0
26_28_14_20_38_17_12_19_38_19_13_32 -0.107314 -0.235 0 0
26_28_14_20_38_18_12_19_38_19_13_32 -0.105357 0 0 0
26_28_14_20_38_21_14_21_38_19_40_32 -0.10865 -0.235 -0.081686 -0.194904
26_28_14_20_38_21_14_22_38_19_40_32 -0.11 0 0 0
26_28_14_21_38_22_14_22_38_19_40_32 -0.11 0 0 0
26_28_14_21_38_22_14_22_38_20_40_32 -0.11 0 -0.081686 0
26_28_14_22_38_18_13_18_38_20_40_32 -0.11 0 0 0
26_28_14_22_38_19_13_19_38_20_40_32 -0.105259 -0.235 -0.11 0
26_28_14_22_38_22_14_22_38_20_40_32 -0.206435 -0.235 -0.188419 -0.205449
26_28_14_22_38_22_14_23_38_20_40_32 -0.11 0 0 0
26_28_14_22_38_23_14_22_38_20_40_32 -0.11 -0.235 -0.11 0
26_28_14_23_38_19_13_19_38_20_40_32 -0.11 -0.235 -0.11 0.059106
26_28_14_23_38_19_14_18_38_20_40_32 -0.107435 0 0 0
26_28_14_23_38_19_14_19_38_20_40_32 -0.11 0 0 0.0285
26_28_14_23_38_23_14_23_38_20_40_32 0 0 0 0
26_28_14_23_38_23_14_23_38_21_13_32 -0.11 -0.4465 -0.11 0.0285
26_28_14_23_38_23_14_23_38_21_40_32 -0.11 -0.235 -0.209 0
26_28_14_24_38_20_14_19_38_20_40_32 -0.11 0 0 0
26_28_14_24_38_20_14_19_38_21_40_32 -0.107435 -0.235 -0.11 0
26_28_14_24_38_20_14_20_38_21_40_32 -0.11 -0.235 -0.11 0.02985
26_28_14_24_38_23_14_23_38_21_13_32 -0.11 -0.235 -0.11 0
26_28_14_24_38_23_14_23_38_21_40_32 -0.11 -0.235 -0.11 0
26_28_14_24_38_23_14_24_38_21_13_32 -0.11 -0.235 -0.11 0.041865
26_28_14_24_38_23_14_24_38_21_40_32 -0.11 0 0 0
26_28_14_25_38_20_14_20_38_21_40_32 -0.11 0 0 0
26_28_14_25_38_23_14_25_38_22_40_32 -0.11 0 0 0
26_28_14_25_38_24_14_24_38_21_40_32 0 0 0 0
26_28_14_25_38_24_14_24_38_22_40_32 -0.107435 0 0 0
26_28_14_25_38_24_14_25_38_21_40_32 -0.11 -0.235 0 0
26_28_14_25_38_24_14_25_38_22_40_32 -0.10865 0 0 0
26_28_15_25_38_23_14_25_38_22_13_32 -0.107435 0 0 0
26_28_15_25_38_24_14_24_38_22_13_32 -0.105041 -0.235 0 0
26_28_15_25_38_24_14_24_38_22_40_32 0 0 0 0
26_28_15_25_38_24_14_25_38_22_13_32 -0.11 -0.235 -0.11 0.0285
26_28_15_25_38_24_14_25_38_22_40_32 -0.11 -0.235 -0.11 0.02985
26_28_15_25_38_24_15_25_38_22_40_32 -0.11 -0.235 0 0
26_28_16_25_38_24_14_24_38_23_40_32 0 0 0 0
26_28_16_25_38_24_14_25_38_22_40_32 -0.11 -0.235 0 0
26_28_16_25_38_24_14_25_38_23_40_32 -0.107435 -0.235 -0.11 0
26_28_16_25_38_24_15_25_38_23_40_32 -0.11 -0.235 -0.11 0.0445515
26_28_17_25_38_24_15_25_38_23_40_32 -0.11 -0.235 -0.11 0.0763758
27_27_14_21_38_21_14_21_38_19_40_32 -0.11 0 0 0
27_27_14_21_38_21_14_22_38_19_40_32 -0.11 0 0 -0.235
27_27_14_21_38_22_14_21_38_19_40_32 -0.11 0.015 0 0
27_27_14_21_38_22_14_22_38_19_40_32 -0.11 0.0880471 0 0
27_27_14_23_38_19_14_18_38_20_40_32 -0.11 0.015 -0.106342 0
27_27_14_23_38_19_14_19_38_20_40_32 -0.11 0 0 0
27_27_14_23_38_19_14_19_38_21_40_32 -0.11 0.015 0 0
27_27_14_23_38_20_14_19_38_21_40_32 -0.11 0.02985 0 0
27_27_14_24_38_19_14_19_38_21_40_32 -0.11 0 0 0
27_27_14_24_38_20_14_19_38_20_40_32 -0.11 0.0624106 0 0
27_27_14_24_38_20_14_19_38_21_40_32 0 0 0 0
27_27_14_24_38_21_14_20_38_21_40_32 -0.11 0.015 0 0
27_27_14_25_38_21_14_20_38_21_40_32 -0.11 0.0645867 0 -0.23365
27_27_17_25_38_24_15_25_38_23_40_32 -0.11 0.0285 0 0
27_28_14_20_38_21_14_21_38_19_40_32 -0.235 -0.235 0.258648 -0.235
27_28_14_21_38_22_14_22_38_19_40_32 -0.102695 -0.235 0.14 0
27_28_14_23_38_19_14_18_38_20_40_32 -0.11 0 0 0
27_28_14_23_38_19_14_19_38_20_40_32 0 0 0 0
27_28_14_23_38_19_14_19_38_21_40_32 -0.11 0 0 0
27_28_14_24_38_20_14_19_38_20_40_32 -0.106232 -0.235 -0.11 0
27_28_14_24_38_20_14_19_38_21_40_32 -0.11 0 0 0
27_28_14_24_38_21_14_20_38_21_40_32 -0.11 -0.235 0 0
27_28_14_25_38_21_14_20_38_21_40_32 -0.338991 -0.235 -0.11 -0.205449
27_28_14_25_38_22_14_20_38_21_40_32 -0.235 0 0 0
27_28_15_25_38_21_14_20_38_21_40_32 -0.235 -0.235 -0.11 -0.22015
27_28_15_25_38_21_14_21_38_21_40_32 -0.235 -0.235 -0.11 0.02985
27_28_15_25_38_22_14_20_38_21_40_32 -0.235 0 0 0
27_28_15_25_38_22_14_21_38_21_40_32 -0.235 -0.235 -0.188419 -0.131617
27_28_16_25_38_22_14_21_38_21_40_32 -0.235 -0.235 -0.296535 -0.105646
27_28_16_25_38_22_14_22_38_21_40_32 -0.235 -0.235 -0.20765 0.02985
27_28_16_25_38_23_14_21_38_21_40_32 -0.235 0 -0.11 0.015
27_28_16_25_38_23_14_22_38_21_40_32 -0.235 -0.235 -0.11 0
27_28_17_25_38_22_13_22_38_21_40_32 -0.235 -0.235 0 0
27_28_17_25_38_22_14_21_38_21_40_32 -0.235 -0.235 -0.11 0.0445515
27_28_17_25_38_22_14_22_38_21_40_32 -0.235 -0.235 0 0
27_28_17_25_38_23_13_22_38_21_40_32 -0.235 -0.235 0 0
27_28_17_25_38_23_13_22_38_22_40_32 -0.235 0 0 0
27_28_17_25_38_23_14_21_38_21_40_32 -0.235 -0.235 -0.11 0
27_28_17_25_38_23_14_21_38_22_40_32 -0.235 0 0 0
27_28_17_25_38_23_14_22_38_21_40_32 -0.443814 -0.235 -0.11 0.041865
27_28_17_25_38_24_15_25_38_23_40_32 -0.32999 -0.439884 -0.103862 0.0735149
27_28_17_25_38_24_16_25_38_23_40_32 -0.235 -0.235 -0.11 0.02985
27_28_17_25_38_25_15_25_38_23_40_32 -0.235 0 0 0
27_28_17_25_38_25_16_25_38_23_40_32 -0.235 -0.235 -0.209 0.015
27_28_18_25_38_22_14_21_38_22_40_32 -0.235 -0.235 -0.11 0.0445515
27_28_18_25_38_22_14_22_38_21_40_32 -0.235 -0.235 0 0
27_28_18_25_38_22_14_22_38_22_40_32 -0.4465 0 -0.11 0
27_28_18_25_38_23_14_21_38_21_40_32 -0.235 0 0 0
27_28_18_25_38_23_14_21_38_22_40_32 -0.235 -0.235 -0.11 0.041865
27_28_18_25_38_23_14_22_38_22_40_32 -0.235 -0.235 -0.11 0
27_28_18_25_38_24_16_25_38_23_40_32 -0.235 -0.235 -0.209 0.015
27_28_18_25_38_25_16_25_38_23_40_32 -0.235 -0.235 -0.11 0.015
27_31_22_25_35_25_14_25_38_24_40_32 -0.235 0.14 0 0
27_31_22_25_35_25_15_25_38_24_40_32 -0.235 0.15485 0 0
27_31_22_25_36_25_14_24_38_23_40_32 -0.235 0.40334 0 0
27_31_22_25_36_25_14_24_38_24_40_32 -0.235 0 0 0
27_31_22_25_36_25_14_25_38_23_40_32 0 0 0 0
27_31_22_25_36_25_14_25_38_24_40_32 -0.235 0.3794 0 0
27_31_23_25_34_25_15_25_38_24_40_32 -0.235 0.266 0 0
27_31_23_25_35_25_14_24_38_24_40_32 0 0 0 0
27_31_23_25_35_25_14_25_38_24_40_32 -0.235 0.266 0 0
27_31_23_25_35_25_15_25_38_24_40_32 -0.235 0.3794 -0.11 0
27_31_24_25_33_25_16_25_37_25_40_32 -0.4465 0.279365 0 0
27_32_22_25_35_25_14_25_38_24_40_32 -0.235 0 0 0.015
27_32_22_25_36_25_14_24_38_23_40_32 -0.235 -0.235 -0.11 0.015
27_32_22_25_36_25_14_24_38_24_40_32 -0.235 0 0 0
27_32_22_25_36_25_14_25_38_23_40_32 -0.235 0 0 0
27_32_22_25_36_25_14_25_38_24_40_32 0 0 0 0
27_32_23_25_34_25_15_25_38_24_40_32 -0.235 -0.235 -0.11 0.0285
27_32_23_25_35_25_14_24_38_24_40_32 -0.235 0 0 0
27_32_23_25_35_25_14_25_38_24_40_32 -0.21106 0 0 0
27_32_23_25_35_25_15_25_38_24_40_32 -0.21106 -0.235 -0.11 0.02985
27_32_24_25_33_25_16_25_37_25_40_32 -0.235 -0.4465 -0.11 0.0285
28_28_17_25_38_22_14_21_38_21_40_32 0 0 -0.10599 0
28_28_17_25_38_23_14_22_38_21_40_32 0 0 0 0
28_28_18_25_38_23_14_21_38_22_40_32 -0.235 0.02985 0 0
28_28_18_25_38_23_14_22_38_22_40_32 -0.20499 0.0445515 0 0
28_28_19_25_38_23_14_22_38_22_40_32 -0.11 0.170423 -0.235 0
28_28_19_25_38_24_14_22_38_22_40_32 -0.11 0.051585 0 0
28_29_19_25_38_23_14_22_38_22_40_32 -0.094662 0 0 0
28_29_19_25_38_24_14_22_38_22_40_32 -0.106342 0.0735149 0 0
28_29_19_25_38_24_14_22_38_23_40_32 -0.11 0 0 0
28_29_19_25_38_24_14_23_38_22_40_32 -0.11 0.015 0 0
28_29_19_25_38_24_14_23_38_23_40_32 -0.11 0.015 0 0
28_29_20_25_38_24_14_23_38_23_40_32 -0.11 0.16838 -0.2271 0
28_29_20_25_38_25_14_23_38_23_40_32 -0.11 0.0285 0 0
28_30_20_25_37_25_14_24_38_23_40_32 -0.11 0 0 0
28_30_20_25_38_24_14_23_38_23_40_32 -0.094662 0.0445515 0 0
28_30_20_25_38_25_14_23_38_23_40_32 -0.107435 0.02985 0 0
28_30_20_25_38_25_14_24_38_23_40_32 -0.11 0.02985 0 0
28_30_21_25_37_25_14_24_38_23_40_32 -0.11 0.106712 0 0
28_30_21_25_37_25_14_24_38_24_40_32 -0.11 0.0285 0 0
28_30_21_25_38_25_14_24_38_23_40_32 0 0.0445515 0 0
28_31_21_25_36_25_14_24_38_23_40_32 -0.11 0.0445515 0 0
28_31_21_25_37_25_14_24_38_23_40_32 -0.100396 0.101902 0 0
28_31_21_25_37_25_14_24_38_24_40_32 -0.11 0.0445515 0 0
28_31_22_25_35_25_14_24_38_24_40_32 -0.235 0 0 0
28_31_22_25_36_25_14_24_38_23_40_32 -0.11 0.415126 0 0
28_31_22_25_36_25_14_24_38_24_40_32 -0.235 0.266 0 0
28_31_23_25_34_25_15_25_38_24_40_32 -0.235 0.39074 0 0
28_31_23_25_34_25_15_25_38_25_40_32 -0.235 0.14 0 0
28_31_23_25_35_25_14_24_38_24_40_32 -0.235 0.39074 0 0
28_31_23_25_35_25_14_25_38_24_40_32 0 0 0 0
28_31_24_25_33_25_16_25_37_25_40_32 -0.235 0.403337 0 0
28_31_24_25_33_25_16_25_38_25_40_32 -0.11 0 0 0
28_31_24_25_34_25_15_25_37_25_40_32 -0.235 0 0 0
28_31_24_25_34_25_15_25_38_24_40_32 0 0 0 0
28_31_24_25_34_25_15_25_38_25_40_32 -0.4339 0.491666 0 0
28_31_24_25_34_25_16_25_38_25_40_32 -0.235 0.14 0 0
28_31_25_25_32_25_16_25_37_25_40_32 -0.235 0.15485 0 0
28_31_25_25_32_25_17_25_37_25_40_32 -0.235 0.266 0 0
28_31_25_25_33_25_16_25_37_25_40_32 -0.235 0.266 0 0
28_31_26_24_32_25_17_25_37_25_40_32 -0.235 0.3794 0 0
28_31_26_25_30_25_17_25_36_25_40_32 0 0 0 0
28_31_26_25_31_25_17_25_36_25_40_32 -0.235 0.14 0 0
28_31_26_25_31_25_17_25_37_25_40_32 -0.235 0.539307 0 0
28_31_26_25_31_25_18_25_36_25_40_32 -0.235 0.266 0 0
28_31_26_25_31_25_18_25_37_25_40_32 -0.235 0 0 0
28_31_26_25_32_25_17_25_37_25_40_32 0 0 0 0
28_31_26_26_30_25_17_25_36_25_40_32 -0.235 0.266 0 0
28_31_26_26_30_25_18_25_36_25_40_32 -0.235 0.3794 0 0
28_32_22_25_35_25_14_25_38_24_40_32 0 0 0 0
28_32_22_25_36_25_14_24_38_23_40_32 -0.207487 -0.235 -0.11 0
28_32_22_25_36_25_14_24_38_24_40_32 -0.235 0 0 0
28_32_23_25_34_25_15_25_38_24_40_32 -0.199833 0 0 0
28_32_23_25_34_25_15_25_38_25_40_32 -0.235 0 0 0
28_32_23_25_35_25_14_24_38_24_40_32 0 0 -0.11 0
28_32_23_25_35_25_14_25_38_24_40_32 -0.235 -0.235 0 0
28_32_24_25_33_25_16_25_37_25_40_32 -0.208666 -0.235 -0.11 0.0445515
28_32_24_25_34_25_15_25_38_24_40_32 -0.235 0 0 0
28_32_24_25_34_25_15_25_38_25_40_32 -0.199833 0 0 0
28_32_24_25_34_25_16_25_38_25_40_32 -0.235 -0.235 0 0
28_32_25_25_32_25_16_25_37_25_40_32 -0.235 0 0 0.0445515
28_32_25_25_32_25_17_25_37_25_40_32 -0.2224 -0.235 -0.11 0.101902
28_32_25_25_33_25_16_25_37_25_40_32 -0.235 -0.235 -0.11 0
28_32_26_24_32_25_17_25_37_25_40_32 -0.21106 0 0 0
28_32_26_25_31_25_17_25_36_25_40_32 -0.235 -0.235 -0.11 0.015
28_32_26_25_31_25_17_25_37_25_40_32 -0.235 -0.235 0 0
28_32_26_25_31_25_18_25_36_25_40_32 0 0 0 0.0550964
28_32_26_25_31_25_18_25_37_25_40_32 -0.235 0 0 0
28_32_26_25_32_25_17_25_37_25_40_32 -0.235 0 0 0
28_32_26_26_30_25_17_25_36_25_40_32 -0.21106 -0.235 0 0
28_32_26_26_30_25_18_25_36_25_40_32 -0.21106 -0.44515 -0.11 0.0285
29_31_26_25_30_25_17_25_36_25_40_32 -0.235 0.3794 -0.11 0
29_31_26_25_31_25_17_25_36_25_40_32 0 0 0 0
29_31_26_25_31_25_18_25_36_25_40_32 -0.235 0.266 0 0
29_31_26_26_30_25_17_25_36_25_40_32 0 0 0 0
29_31_26_26_30_25_18_25_35_25_40_32 -0.235 0 0 0
29_31_26_26_30_25_18_25_36_25_40_32 0 0.14 0 0.129724
29_31_26_27_30_25_18_25_35_25_40_32 -0.235 0.015 -0.104563 0.201593
29_31_26_27_30_25_18_25_36_25_40_32 0 0 0 0
29_31_26_27_30_25_19_25_35_25_40_32 -0.235 0 0 0
29_31_26_28_30_25_18_25_35_25_40_32 -0.235 0.14 0 0
29_31_26_28_30_25_19_25_34_25_40_32 -0.235 0.266 0 0
29_31_26_28_30_25_19_25_35_25_40_32 -0.235 0.403971 0 0
29_31_27_28_29_25_19_25_34_25_40_32 -0.4465 0 0 0
29_31_27_28_29_25_20_25_34_25_40_32 -0.235 0.503574 0 0
29_32_26_25_30_25_17_25_36_25_40_32 -0.21106 -0.235 0 0
29_32_26_25_31_25_17_25_36_25_40_32 -0.235 0 0 0
29_32_26_25_31_25_18_25_36_25_40_32 -0.235 -0.235 0 0
29_32_26_26_30_25_17_25_36_25_40_32 -0.235 0 0 0
29_32_26_26_30_25_18_25_36_25_40_32 -0.235 -0.235 0 0
29_32_26_27_30_25_18_25_35_25_40_32 -0.226436 0 0 0
29_32_26_27_30_25_18_25_36_25_40_32 -0.235 0 0 0
29_32_26_27_30_25_19_25_35_25_40_32 -0.235 0 0 0
29_32_26_28_30_25_18_25_35_25_40_32 -0.235 0 0 0
29_32_26_28_30_25_19_25_34_25_40_32 0 0 0 0
29_32_26_28_30_25_19_25_35_25_40_32 -0.386385 -0.235 -0.11 0.0285
29_32_27_28_29_25_19_25_34_25_40_32 -0.235 0 0 0
29_32_27_28_29_25_20_25_34_25_40_32 -0.198643 -0.235 -0.11 0.04065
30_31_26_27_30_25_18_25_35_25_40_32 -0.421357 0.603423 0 0
30_31_26_27_30_25_19_25_35_25_40_32 -0.235 0.3794 0 0
30_31_26_28_29_25_19_25_34_25_40_32 -0.235 0.15485 0 0
30_31_26_28_30_25_18_25_35_25_40_32 0 0 0 0
30_31_26_28_30_25_19_25_34_25_40_32 -0.235 0 0 0
30_31_26_28_30_25_19_25_35_25_40_32 0 0.266 0 0
30_31_27_28_29_25_19_25_34_25_40_32 -0.235 0.14 0 0
30_31_27_28_29_25_20_25_34_25_40_32 -0.235 0.266 0 0
30_31_27_28_30_25_19_25_34_25_40_32 -0.235 0.3794 0 0
30_31_28_28_29_25_20_25_33_25_40_32 0 0.266 0 0
30_31_28_28_29_25_20_25_34_25_40_32 -0.235 0.1535 0 0
30_31_28_28_29_25_21_25_33_25_40_32 -0.235 0.015 0 0
30_31_28_28_30_25_20_25_33_25_40_32 -0.11 0 0 0
30_31_28_28_30_25_20_25_34_25_40_32 -0.235 0.266 0 0
30_31_28_28_30_25_21_25_33_25_40_32 -0.235 0 0 0
30_31_28_29_29_25_20_25_33_25_40_32 -0.11 0 0 0
30_31_28_29_29_25_21_25_33_25_40_32 -0.11 0.290179 0 0
30_31_28_29_30_25_21_25_33_25_40_32 -0.11 0.292596 0 0
30_31_28_30_30_25_22_25_32_25_40_32 -0.235 0.266 0 0
30_32_26_27_30_25_18_25_35_25_40_32 -0.209857 -0.235 -0.11 0
30_32_26_27_30_25_19_25_35_25_40_32 -0.21106 -0.235 -0.11 0
30_32_26_28_30_25_18_25_35_25_40_32 -0.235 0 0 0
30_32_26_28_30_25_19_25_35_25_40_32 -0.235 -0.235 -0.11 0
30_32_27_28_29_25_19_25_34_25_40_32 -0.2224 -0.235 -0.11 0
30_32_27_28_29_25_20_25_34_25_40_32 -0.235 -0.235 -0.107435 0.059106
30_32_27_28_30_25_19_25_34_25_40_32 -0.235 0 0 0
30_32_28_28_29_25_20_25_33_25_40_32 0 0 0 0.02985
30_32_28_28_29_25_20_25_34_25_40_32 -0.221185 -0.235 0 0
30_32_28_28_29_25_21_25_33_25_40_32 -0.235 0 0 0
30_32_28_28_30_25_20_25_33_25_40_32 -0.235 -0.235 -0.11 0.02985
30_32_28_28_30_25_20_25_34_25_40_32 -0.4339 0 0 0
30_32_28_29_29_25_21_25_33_25_40_32 -0.208884 -0.235 -0.11 0.059106
30_32_28_29_30_25_21_25_33_25_40_32 -0.21974 -0.235 -0.11 0.0811634
30_32_28_30_30_25_22_25_32_25_40_32 -0.235 -0.235 -0.11 0.0285
31_31_28_29_29_25_21_25_33_25_40_32 -0.235 0.14 -0.11 0
31_31_28_29_29_25_22_25_32_25_40_32 -0.235 0 0 0
31_31_28_29_29_25_22_25_33_25_40_32 -0.235 0.3794 0 0
31_31_28_29_30_25_21_25_33_25_40_32 0 0 0 0.02985
31_31_28_29_30_25_22_25_32_25_40_32 -0.11 0 0 0
31_31_28_30_29_25_22_25_32_25_40_32 -0.235 0 0 0
31_31_28_30_30_25_22_25_32_25_40_32 -0.11 0.415126 -0.11 0
31_31_28_30_30_25_23_25_32_25_40_32 -0.235 0 0 0
31_31_28_31_30_25_22_25_31_25_40_32 -0.11 0 0 0
31_31_28_31_30_25_23_25_31_25_40_32 -0.11 0.503003 0 0
31_31_28_31_30_25_23_25_32_25_40_32 -0.235 0.015 0 0
31_31_28_31_30_25_24_25_30_25_40_32 0.415814 0 0 0
31_31_28_31_30_25_24_25_31_25_40_32 0.2786 0 0 0
31_31_28_31_30_25_25_25_30_25_40_32 -0.334 0.015 0 0
31_31_28_31_31_25_23_25_31_25_40_32 -0.235 0.153051 -0.0974 0
31_31_28_31_31_25_24_25_30_25_40_32 -0.0964 -0.2224 -0.0974 0
31_31_28_31_31_25_24_25_31_25_40_32 0.700404 0 0 0
31_31_28_31_31_25_25_25_30_25_40_32 -0.11 -0.235 0 0
31_31_28_32_30_25_23_25_31_25_40_32 0 0 0 0
31_31_28_32_30_25_24_25_31_25_40_32 0.307856 0 0 0
31_31_28_32_31_25_23_25_31_25_40_32 0 0 0 0
31_31_28_32_31_25_24_25_31_25_40_32 0 0 0 0
31_31_29_31_30_25_24_25_30_25_40_32 -0.235 -0.235 -0.11 0.0877798
31_31_29_31_30_25_25_25_30_25_40_32 -0.11 0.059106 0 0
31_31_29_31_31_25_24_25_30_25_40_32 -0.235 -0.235 -0.11 0.015
31_31_29_31_31_25_25_25_30_25_40_32 -0.194594 -0.1965 -0.20499 0.0681954
31_31_29_31_31_25_26_25_28_25_40_32 0.14 0 0 0
31_31_29_31_31_25_26_25_29_25_40_32 -0.235 0.266 0 0
31_31_29_31_31_25_26_26_28_25_40_32 0.2786 0 0 0
31_31_29_31_31_25_26_26_29_25_40_32 0 0 0 0
31_31_29_31_32_25_26_26_28_25_40_32 0 0 0 0
31_31_30_31_31_25_26_26_28_25_40_32 -0.111337 -0.32609 -0.11 0.041865
31_31_30_31_31_25_26_27_28_25_40_32 -0.235 0.015 0 0
31_31_30_31_32_25_26_26_28_25_40_32 -0.235 -0.235 -0.11 0.0285
31_31_30_31_32_25_26_27_28_25_40_32 -0.11 0.015 0 0
31_32_28_29_29_25_22_25_32_25_40_32 -0.235 0 0 0
31_32_28_29_29_25_22_25_33_25_40_32 -0.21106 -0.235 -0.11 0.02985
31_32_28_29_30_25_21_25_33_25_40_32 -0.235 0 0 0
31_32_28_30_30_25_22_25_32_25_40_32 -0.207487 -0.235 -0.291484 0.0877798
31_32_28_31_30_25_23_25_31_25_40_32 -0.208666 -0.235 -0.11 0.02985
31_32_28_31_30_25_23_25_32_25_40_32 -0.235 0 0 0
31_32_28_31_31_25_23_25_31_25_40_32 -0.2224 -0.235 -0.11 0.0735149
31_32_28_32_30_25_23_25_31_25_40_32 0.015 0 -0.11 0
31_32_28_32_31_25_23_25_31_25_40_32 0.015 0 0 0
31_32_28_32_31_25_24_25_31_25_40_32 0.015 0 0 0
31_32_29_31_31_25_26_25_29_25_40_32 -0.235 -0.235 -0.11 0.0285
32_31_28_30_31_25_26_24_29_25_40_32 -0.235 0.0445515 0 0
32_31_28_30_31_25_26_25_29_25_40_32 -0.11 0 0 0
32_31_28_31_30_25_25_25_30_25_40_32 -0.11 0 0 0
32_31_28_31_31_25_25_25_29_25_40_32 0.176656 0 0 0
32_31_28_31_31_25_25_25_30_25_40_32 0.14 0 0 0
32_31_28_31_31_25_26_24_29_25_40_32 -0.11 0 0 0
32_31_28_31_31_25_26_25_29_25_40_32 -0.235 0.115883 0 0
32_31_28_31_32_25_26_25_29_25_40_32 -0.11 0.02985 0 0
32_31_29_31_30_25_25_25_29_25_40_32 -0.11 -0.235 0 0
32_31_29_31_31_25_25_25_30_25_40_32 -0.11 0.015 0 0
32_31_29_31_31_25_26_25_28_25_40_32 -0.235 0 0 0
32_31_29_31_31_25_26_25_29_25_40_32 -0.11 0.302087 0 0
32_31_29_31_31_25_26_26_28_25_40_32 0.14 0 0 0
32_31_29_31_31_25_26_26_29_25_40_32 -0.235 -0.083035 -0.11 0
32_31_29_31_32_25_26_25_28_25_40_32 -0.235 0 0 0
32_31_29_31_32_25_26_25_29_25_40_32 -0.11 0.42967 0 0
32_31_29_31_32_25_26_26_28_25_40_32 0.14 0 -0.11 0
32_31_29_31_32_25_26_26_29_25_40_32 -0.235 0 0 0
32_31_30_31_31_25_26_26_27_25_40_32 -0.235 0 0 0
32_31_30_31_31_25_26_26_28_25_40_32 -0.235 0.240883 0 0
32_31_30_31_31_25_26_27_28_25_40_32 -0.235 0 0 0
32_31_30_31_32_25_26_26_27_25_40_32 -0.235 0.015 0 0
32_31_30_31_32_25_26_26_28_25_40_32 -0.20765 0.449791 0 0
32_31_30_31_32_25_26_27_28_25_40_32 0 0 -0.10865 0
32_31_31_31_32_25_26_26_28_25_40_32 -10 0 0 0
32_32_29_31_31_25_26_25_29_25_40_32 -0.218791 -0.235 -0.11 0
32_32_29_31_31_25_26_26_29_25_40_32 0 0 0 0
32_32_29_31_32_25_26_25_28_25_40_32 -0.235 -0.235 0 0
32_32_29_31_32_25_26_25_29_25_40_32 -0.208666 0 0 0
32_32_29_31_32_25_26_26_28_25_40_32 -0.235 0 0 0
32_32_30_31_31_25_26_26_28_25_40_32 -0.213321 0 0 0
32_32_30_31_31_25_26_27_28_25_40_32 -0.235 0 0 0
32_32_30_31_32_25_26_26_28_25_40_32 0 0 0 0
