20_5_19_5 -0.1 -0.1 1.24099 -0.0293812
21_5_19_5 -0.1 -0.1 0.606188 0
22_5_19_5 -0.1 -0.1 1.50313 0
23_5_18_5 -0.1 -0.1 0.877798 0
23_5_19_5 -0.1 -0.1 0.499937 0
24_4_16_5 -0.1765 0.164295 1.15883 0
24_4_17_5 -0.0664192 1.50982 0 0.00429466
24_4_18_5 -0.19 0.06 1.48561 0
24_5_17_5 0.514712 0 0 -0.0645778
24_5_18_5 -0.0599037 -0.1 0.15 0
25_5_16_5 0.0457078 -0.1 2.48229 0
25_5_17_5 -0.1 -0.1 0.285 0
26_5_15_5 -0.1 -0.1 2.35747 0
26_5_16_5 -0.102426 -0.1 0.238681 -0.1
27_5_14_4 -0.1 -0.1 0.59106 0
27_5_14_5 -0.1 -0.1 0.735149 0
27_5_15_5 -0.1 -0.163135 1.44084 0
28_2_12_2 -0.1 -0.051985 1.96881 0
28_2_13_2 -0.00737575 1.35881 0 -0.0430505
28_2_13_3 -0.1 1.17033 0.203195 0
28_2_13_4 -0.1 0.4065 0 0
28_3_13_3 0.430289 0 0 0
28_3_13_4 -0.07435 1.74722 0 0
28_3_13_5 -0.1 1.04641 0.234602 0
28_4_13_4 0.284815 0 0 0
28_4_13_5 -0.0103585 1.96881 0 0
28_4_14_4 0.157615 0.0929285 0.599175 0
28_4_14_5 -0.1 1.99176 0 0
28_4_15_5 -0.051985 -0.1 0.15 0
28_5_14_4 0.452572 0 0 -0.1
28_5_14_5 0.425123 0 0 0
28_5_15_5 -0.1 -0.1 0.15 0
29_2_11_2 -0.1 -0.1 1.70423 0
29_2_12_2 -0.1 -0.1 1.06712 0
30_2_10_2 -0.1 0 1.43427 0
30_2_11_2 -0.1 -0.1 1.31752 0
31_2_10_2 -0.1 -0.1 2.60747 0
31_2_11_2 -0.1 -0.1 0.15 0
32_2_10_2 -0.1 -0.1 1.31752 0
32_2_9_2 -0.1 -0.1 1.43427 0
33_2_9_2 -0.1 -0.1 2.60826 -0.0209982
34_2_8_2 -0.19 -0.1 1.56993 0
34_2_9_2 -0.1 -0.1 1.19295 0
35_2_7_2 -0.1 -0.1 1.29724 -0.0468046
35_2_8_2 -0.1 -0.1 1.56293 0
36_2_6_2 -0.1 -0.1 1.01902 0
36_2_7_2 -0.1 -0.1 1.6838 0
37_2_6_2 -0.0487066 -0.1 2.60747 0
37_2_7_2 -0.1 -0.1 0.15 0
38_2_5_2 -0.1 -0.1 2.09912 -0.0865
38_2_6_2 0 0 0.811634 0
39_2_2_2 8.11402 1.83974 2.00354 1.90871
39_2_3_2 -0.1 -0.1 1.83718 0
39_2_4_2 2.39795 0 0 0
39_2_5_2 -0.1 -0.1 0.940018 0
39_3_2_2 9.83572 4.34195 4.03423 3.50524
39_3_3_2 1.5673 0 0 0
39_4_2_2 9.62294 4.53465 6.37337 4.47742
39_4_3_2 0.240124 0 0 0
39_5_2_2 9.84244 -0.0608004 0 0
40_2_2_2 -0.1 -0.1 1.43764 0
40_5_2_2 5.44667 5.25698 7.89646 5.47825
41_5_2_2 8.99406 8.10871 12.844 6.48341
41_5_3_2 -0.1 -0.1 0.15 0
42_5_2_2 8.60331 10.091 14.2854 7.52409
43_5_2_2 6.68209 10.4754 14.7632 8.57429
44_5_2_2 1.32733 1.81019 1.2794 1.16757
44_5_2_3 1.70707 0 -0.0219226 0
44_5_3_2 0.195515 0 0 0
44_6_2_2 3.98076 1.98307 2.54493 1.76689
44_6_2_3 11.3932 4.47331 7.16357 3.88352
